[gd_scene load_steps=16 format=3 uid="uid://r0gu3sk3l123"]

[ext_resource type="PackedScene" uid="uid://djxg24n3l8wy1" path="res://assets/characters/enemy/Skeleton_Rogue.glb" id="1_skeleton"]
[ext_resource type="PackedScene" uid="uid://c0xb0w123456" path="res://assets/scenes/Skeleton_Crossbow.tscn" id="2_crossbow"]
[ext_resource type="PackedScene" uid="uid://qu1v3r123456" path="res://assets/scenes/Skeleton_Quiver.tscn" id="3_quiver"]
[ext_resource type="Animation" path="res://animations_source/animations/Ranged_2H_Aiming.res" id="4_aim"]
[ext_resource type="Animation" path="res://animations_source/animations/Ranged_2H_Shoot.res" id="5_shoot"]
[ext_resource type="Animation" path="res://animations_source/animations/Ranged_2H_Reload.res" id="6_reload"]
[ext_resource type="Animation" uid="uid://c0s20b7xam6bw" path="res://animations_source/animations/Hit_B.res" id="7_hit"]
[ext_resource type="Animation" uid="uid://cokroj1jd88rt" path="res://animations_source/animations/Skeletons_Death.res" id="8_death"]
[ext_resource type="Animation" uid="uid://bmxlx46d8vmkt" path="res://animations_source/animations/Skeletons_Idle.res" id="9_idle"]
[ext_resource type="Animation" uid="uid://35mulkhck2bw" path="res://animations_source/animations/Skeletons_Taunt.res" id="10_taunt"]
[ext_resource type="Animation" uid="uid://dtikefg11yti5" path="res://animations_source/animations/Skeletons_Walking.res" id="11_walk"]
[ext_resource type="Animation" uid="uid://1j5cvxn2hwdm" path="res://animations_source/animations/Jump_Start.res" id="12_jump_start"]
[ext_resource type="Animation" uid="uid://b0xr5lkpor12a" path="res://animations_source/animations/Jump_Idle.res" id="13_jump_idle"]
[ext_resource type="Animation" uid="uid://tw54v3m63a8q" path="res://animations_source/animations/Jump_Land.res" id="14_jump_land"]

[sub_resource type="AnimationLibrary" id="AnimationLibrary_rogue"]
_data = {
&"Hit_B": ExtResource("7_hit"),
&"Jump_Idle": ExtResource("13_jump_idle"),
&"Jump_Land": ExtResource("14_jump_land"),
&"Jump_Start": ExtResource("12_jump_start"),
&"Ranged_2H_Aiming": ExtResource("4_aim"),
&"Ranged_2H_Reload": ExtResource("6_reload"),
&"Ranged_2H_Shoot": ExtResource("5_shoot"),
&"Skeletons_Death": ExtResource("8_death"),
&"Skeletons_Idle": ExtResource("9_idle"),
&"Skeletons_Taunt": ExtResource("10_taunt"),
&"Skeletons_Walking": ExtResource("11_walk")
}

[node name="Skeleton_Rogue" instance=ExtResource("1_skeleton")]

[node name="Skeleton3D" parent="Rig_Medium" index="0"]
bones/1/position = Vector3(0, 0.39206383, 0)
bones/1/rotation = Quaternion(-1.11122625e-10, 0.043157753, 2.5724098e-09, 0.9990683)
bones/1/scale = Vector3(0.99999994, 1, 0.99999994)
bones/2/position = Vector3(0.17094508, 0.1135872, 1.5994095e-08)
bones/2/rotation = Quaternion(0.99371517, 0.08371457, 0.07350378, 0.0109185325)
bones/2/scale = Vector3(0.99999994, 0.9999997, 1.0000008)
bones/3/rotation = Quaternion(0.19560215, 6.2622235e-08, -1.3223872e-07, 0.9806833)
bones/3/scale = Vector3(1.0000004, 0.9999999, 0.99999994)
bones/4/rotation = Quaternion(-0.517564, -0.2094967, 0.043654874, 0.82845217)
bones/4/scale = Vector3(0.99999964, 1.0000006, 0.99999946)
bones/5/rotation = Quaternion(0.00011178441, 0.92025787, -0.39131266, -2.5241658e-05)
bones/5/scale = Vector3(0.99999994, 0.99999774, 1.0000024)
bones/6/rotation = Quaternion(-6.938893e-18, 7.1054274e-15, 4.93038e-32, 1)
bones/6/scale = Vector3(1.0000001, 1, 1.0000001)
bones/7/rotation = Quaternion(8.271806e-25, 3.7252903e-09, -2.75506e-40, 1)
bones/7/scale = Vector3(1, 0.9999999, 1)
bones/8/position = Vector3(-0.21200737, 0.13413203, 8.6813984e-08)
bones/8/rotation = Quaternion(-0.6182439, 0.08072865, 0.61801153, 0.47887278)
bones/8/scale = Vector3(0.99999905, 0.9999985, 0.9999996)
bones/9/rotation = Quaternion(2.1687793e-08, 6.223694e-08, 0.5179393, 0.85541743)
bones/9/scale = Vector3(1.0000008, 0.99999964, 0.9999999)
bones/10/rotation = Quaternion(7.300499e-09, -7.3388096e-09, -0.0266581, 0.99964464)
bones/10/scale = Vector3(1.0000001, 1, 1)
bones/11/rotation = Quaternion(-0.31929126, 0.30052418, -0.22734971, 0.8695116)
bones/11/scale = Vector3(0.9999998, 0.99999994, 1.0000002)
bones/12/position = Vector3(-1.541501e-08, 0.096125126, -0.057499975)
bones/12/rotation = Quaternion(-9.53579e-10, -4.3147743e-09, 0.7071068, 0.7071067)
bones/12/scale = Vector3(1, 1.0000001, 1.0000001)
bones/13/position = Vector3(0.21200736, 0.13413203, 7.9299625e-08)
bones/13/rotation = Quaternion(-0.5599063, -0.060880348, -0.6439745, 0.5177794)
bones/13/scale = Vector3(0.9999991, 0.9999986, 0.9999996)
bones/14/rotation = Quaternion(3.7650654e-08, -5.1384802e-08, -0.4947193, 0.8690529)
bones/14/scale = Vector3(1.0000006, 0.99999946, 1)
bones/15/rotation = Quaternion(7.250843e-09, 9.200791e-09, 0.026658095, 0.99964464)
bones/15/scale = Vector3(0.99999994, 1, 1.0000001)
bones/16/rotation = Quaternion(-0.32106528, -0.32531866, 0.1457259, 0.8774103)
bones/16/scale = Vector3(0.9999998, 0.9999999, 1.0000004)
bones/17/position = Vector3(-6.936717e-09, 0.096125185, -0.057500005)
bones/17/rotation = Quaternion(6.9489685e-09, -3.587743e-09, -0.7071068, 0.7071067)
bones/17/scale = Vector3(0.99999994, 1.0000001, 1.0000001)
bones/18/rotation = Quaternion(-5.806079e-11, -0.031341746, -1.880125e-09, 0.9995088)
bones/18/scale = Vector3(1, 0.99999994, 1)
bones/19/position = Vector3(-0.17094508, 0.11358732, 1.557549e-08)
bones/19/rotation = Quaternion(0.9973222, -0.029457364, 0.03152927, 0.05904832)
bones/19/scale = Vector3(0.9999999, 0.99999976, 1.0000008)
bones/20/rotation = Quaternion(0.2740081, -6.3812955e-08, 1.927607e-07, 0.9617275)
bones/20/scale = Vector3(0.99999994, 0.99999976, 0.99999994)
bones/21/rotation = Quaternion(-0.5590394, 0.11451276, -0.008627633, 0.82115)
bones/21/scale = Vector3(0.99999976, 1.0000006, 0.9999992)
bones/22/rotation = Quaternion(-8.934892e-05, 0.9202217, -0.3913977, 2.0290998e-05)
bones/22/scale = Vector3(1.0000002, 0.9999979, 1.0000024)

[node name="head" parent="Rig_Medium/Skeleton3D" index="0"]
transform = Transform3D(0.99972045, -1.4014349e-09, 0.0236466, 1.3934147e-09, 0.9999998, 3.556864e-10, -0.0236466, -3.2263736e-10, 0.99972045, -4.3038546e-09, 1.2278259, 1.5739471e-15)

[node name="chest" parent="Rig_Medium/Skeleton3D" index="1"]
transform = Transform3D(0.9962749, -5.1496167e-09, 0.08623532, 5.1304343e-09, 0.9999999, 4.4407708e-10, -0.08623532, 1.8800718e-15, 0.9962749, -2.9196552e-09, 0.9590293, 1.0685902e-15)

[node name="Socket_RightHand" type="BoneAttachment3D" parent="Rig_Medium/Skeleton3D" index="9"]
transform = Transform3D(5.7347785e-07, -0.14989421, -0.9887016, -0.99999875, 2.980231e-07, 6.43581e-08, -3.0008263e-07, 0.9887012, -0.1498948, -0.49106073, 0.64102995, 0.10659548)
bone_name = "handslot.r"
bone_idx = 12

[node name="Skeleton_Crossbow" parent="Rig_Medium/Skeleton3D/Socket_RightHand" index="0" instance=ExtResource("2_crossbow")]
transform = Transform3D(0.12493137, 0.13702114, 0.9826584, 0.1810641, -0.97693443, 0.11320321, 0.975504, 0.1637815, -0.14685936, 0, 0, 0)

[node name="Socket_Back" type="BoneAttachment3D" parent="Rig_Medium/Skeleton3D" index="10"]
transform = Transform3D(0.99627477, -5.149617e-09, 0.08623531, 5.130434e-09, 1, 4.4407697e-10, -0.08623531, 1.8938981e-15, 0.99627477, 0, 0.39206383, 0)
bone_name = "root"
bone_idx = 1

[node name="Skeleton_Quiver" parent="Rig_Medium/Skeleton3D/Socket_Back" index="0" instance=ExtResource("3_quiver")]
transform = Transform3D(-0.8636738, -0.50285465, 0.03470827, -0.49726096, 0.8612812, 0.104528464, -0.08245621, 0.07301943, -0.9939161, 0, 0.345, -0.395)

[node name="AnimationPlayer" type="AnimationPlayer" parent="." index="1"]
libraries = {
&"Player": SubResource("AnimationLibrary_rogue")
}
